INCREMENT= 0.300000
100000.00
100000.30
100000.59
100000.89
100001.19
100001.48
100001.78
100002.08
100002.38
100002.67
100002.97
100003.27
100003.56
100003.86
100004.16
100004.45
100004.75
100005.05
100005.34
100005.64
100005.94
100006.23
100006.53
100006.83
100007.12
100007.42
100007.72
100008.02
100008.31
100008.61
100008.91
100009.20
100009.50
100009.80
100010.09
100010.39
100010.69
100010.98
100011.28
100011.58
100011.88
100012.17
100012.47
100012.77
100013.06
100013.36
100013.66
100013.95
100014.25
100014.55
100014.84
100015.14
100015.44
100015.73
100016.03
100016.33
100016.62
100016.92
100017.22
100017.52
100017.81
100018.11
100018.41
100018.70
100019.00
100019.30
100019.59
100019.89
100020.19
100020.48
100020.78
100021.08
100021.38
100021.67
100021.97
100022.27
100022.56
100022.86
100023.16
100023.45
100023.75
100024.05
100024.34
100024.64
100024.94
100025.23
100025.53
100025.83
100026.12
100026.42
100026.72
100027.02
100027.31
100027.61
100027.91
100028.20
100028.50
100028.80
100029.09
100029.39
100029.69
100029.98
